 , Colombo/ Colombo, Colombo/ Boralesgamauwa, Colombo/ Dehiwala – Mount Lavinia, Colombo/ Kaduwela, Colombo/ Kesbewa, Colombo/ Kolonnawa, Colombo/ Maharagama, Colombo/ Moratuwa, Colombo/ Avissawella (Seethawakapura), Colombo/Sri Jayawardenapura Kotte, Gampaha/ Gampaha, Gampaha/ Negombo, Gampaha/Katunayaka, Gampaha/Ja-Ela, Gampaha/ Wattala – Mabole, Gampaha/ Minuwangoda, Gampaha/ Peliyagoda, Kalutara/ Kalutara, Kalutara/ Beruwala, Kalutara/ Panadura, Kalutara/ Horana, Galle/ Galle, Galle/ Hikkaduwa, Galle/ Ambalangoda, Hambanthota/ Hambanthota, Hambanthota/ Tangalle, Matara/ Matara, Matara/ Weligama, Kandy/ Kandy, Kandy/ Gampola, Kandy/ Nawalapitiya, Kandy/ Kadugannawa, Kandy/ Wattegama, Matale/ Matale, Matale/ Dambulla, Nuwaraeliya/ Nuwaraeliya, Nuwaraeliya/ Hatton – Dickoya, Nuwaraeliya/ Thalawakele - Lindula, Jaffna/ Jaffna, Jaffna/ Chavakachcheri, Jaffna/ Valvettithurai, Jaffna/ Point Pedro, Vavuniya/ Vavuniya, Trincomalee/ Trincomalee, Trincomalee/ Kinniya, Kilinochchi/ Kilinochchi, Mulativu/ Mulativu, Mannar/ Mannar, Batticaloa/ Batticaloa, Batticaloa/ Kattankudy, Batticaloa/ Eravur, Anuradhapura/ Anuradhapura, Polonnaruwa/ Polonnaruwa, Badulla/ Badulla, Badulla/ Bandarawela, Badulla/ Haputale, Kurunegala/ Kurunegala, Kurunegala/ Kuliyapitiya, Puttalam/ Puttalam, Puttalam/ Chilaw, Ampara/ Ampara, Ampara/ Akkaraipattu, Ampara/ Kalmunai, Monaragala/ Monaragala, Kegalle/ Kegalle, Ratnapura/ Ratnapura, Ratnapura/ Balangoda, Ratnapura/ Embilipitiya
 Colombo/ Colombo,1,12.6,13.4,17.3,22,6.5,12.9,19.6,56,9.4,28,37.6,32.1,18.9,11.9,38.3,9,44,57.8,30.1,41.4,145.8,115.6,87.9,258.7,205,177.8,164.5,122.4,127,133.3,108.2,135.3,151,156,171.1,132.6,148.3,356.8,346.6,374.4,389.4,255.4,261.6,257,334.5,330.4,256,314.6,323.2,304.9,200.6,223.9,237.3,211,198.3,98.9,81.5,135,79.8,313.1,338.9,362.1,285.1,84.8,107.6,130.9,186.1
 Colombo/ Boralesgamauwa,12.6,1,3.6,18.5,9.4,12.9,2.9,8.6,49.8,7.9,41.3,47.3,41.8,35,21.8,54,18.7,33,46.8,19.1,26,109.4,99.7,80.7,222.3,168.6,141.4,128.1,128.8,125.6,118,114.6,141.8,157.4,162.4,155.9,116.9,133.1,366.6,356.4,384.1,399.1,265.2,268,263.4,344.2,340.1,265.7,321,329.6,311.3,210.3,230.3,203.5,177.2,164.4,105.4,92.1,144.7,89.5,392.5,405,371.8,301.5,91.3,77.3,123.1,203.6
 Colombo/ Dehiwala – Mount Lavinia,13.4,3.6,1,21,12.9,14.4,6.5,6.7,53.4,10.2,44.8,47.7,42.3,35.5,22.2,48.5,19.1,31,44.8,17.1,32.3,112.5,103.2,74.9,225.8,172,144.9,131.6,132.4,129.2,121.6,118.2,145.3,160.9,166,159.5,120.4,136.6,367,356.8,384.6,399.6,265.6,271.5,267,344.6,340.5,266.2,324.6,333.2,314.8,210.8,233.9,207,180.7,168,108.9,89,145.2,90,355.8,408.5,368.3,304.9,94.8,80.9,126.7,164.4
 Colombo/ Kaduwela,17.3,18.5,21,1,22,12.9,15.8,25.7,37.4,10.6,20.2,44.4,39,23.1,19.4,39.3,12,44.9,59.5,37.7,30.9,114.3,104.6,88.8,227.2,173.5,146.3,133,110.4,111.7,105.5,96.2,123.3,139,144,143.4,104.4,120.6,363.7,353.5,381.3,381.9,247.9,249.6,245,326.9,322.8,262.9,302.6,311.2,292.9,193.1,211.9,199.5,173.2,160.6,86.9,76.7,141.9,86.7,397.4,409.9,354.6,306.3,72.8,69.9,119.3,208.5
 Colombo/ Kesbewa,22,9.4,12.9,22,1,22.2,10.1,9.3,53.4,16,42.5,61.7,56.2,42.8,31.2,59,31.7,28.2,42,14.2,19.3,102.7,92.9,72.1,215.6,161.8,134.6,121.3,130.1,130.7,123.1,115.9,143,158.6,163.7,161,122,138.2,383.4,373.2,401,401.5,267.6,269.2,264.6,346.6,342.5,282.5,322.3,330.9,312.5,212.7,231.6,196.7,170.5,157.8,106.6,96.4,161.5,106.4,357.8,398.2,366,294.7,92.5,70.7,116.5,196.9
 Colombo/ Kolonnawa,6.5,12.9,14.4,12.9,22.2,1,12.1,21.2,48.6,7.8,27.7,37.3,31.8,18.9,11.8,38.1,8.1,45.6,66.8,31.7,41,121.6,111.9,99.5,234.5,180.7,153.6,140.3,122.1,124.3,116.7,107.9,135.1,150.7,155.8,154.6,115.6,131.8,356.6,346.4,374.2,389.1,255.2,261.3,256.7,334.2,330.1,255.8,314.4,322.9,304.6,200.3,223.6,210.7,184.4,171.8,98.7,81.2,134.8,79.6,345.4,362,361.8,258.5,84.6,81.1,127.3,159.6
 Colombo/ Maharagama,12.9,2.9,6.5,15.8,10.1,12.1,1,10.9,47.5,5.4,34.5,47.2,41.8,35,21.8,54,15.7,35.2,49,21.3,28.1,111.5,101.7,89.4,224.4,170.6,143.5,130.2,126.4,123.2,115.6,112.2,139.4,155,160.1,153.5,114.5,130.7,379.8,369.6,397.3,397.9,264,265.6,261,343,338.9,278.9,318.7,327.2,308.9,209.1,227.9,205.6,179.3,166.6,103,92.8,157.9,102.7,394.5,343,350.4,253.4,88.9,74.9,120.8,205.7
 Colombo/ Moratuwa,19.6,8.6,6.7,25.7,9.3,21.2,10.9,1,55,16.4,49.3,56.5,51.1,44.3,31,63.2,27.9,25.7,39.5,11.8,27.5,107.1,97.3,69.6,222.3,168.6,141.4,128.1,134.2,130.8,123.2,120,149.8,165.4,170.5,161.1,122.1,138.3,390.1,379.9,407.7,408.3,274.3,276,271.4,353.4,349.3,289.3,329.1,337.6,319.3,216,246.5,203.5,177.2,164.6,113.4,103.2,168.3,98.8,327.5,405,372.8,301.5,96.6,77.4,123.3,152.4
 Colombo/ Avissawella (Seethawakapura),56,49.8,53.4,37.4,53.4,48.6,47.5,55,1,43.3,37.7,58.4,56.8,51.2,54.6,47.8,42.9,66.8,83,59.5,40.4,141.9,127.4,119.7,165.8,201,173.8,155.9,92.4,78.4,74.5,78.2,105.3,115.3,133.9,112.4,73.4,89.6,375.6,366.9,378.2,370.9,237,239.4,234.9,316,311.9,282.2,292.5,301.1,282.7,182.1,201.8,163.2,142.2,129.5,76.8,72.9,161.2,104.2,283.1,309,324.2,216.3,54.8,38.9,88.3,117.3
 Colombo/Sri Jayawardenapura Kotte,9.4,7.9,10.2,10.6,16,7.8,5.4,16.4,43.3,1,29.4,43.6,38.2,31.4,18,50.4,10.6,40.6,54.5,26.5,34.4,117.9,108.2,95.8,207.6,177,149.9,136.6,122.3,123.9,116.3,108.2,135.3,150.9,156,154.1,115.1,131.3,362.9,352.7,380.5,395.5,261.5,261.5,256.9,339.9,335.8,262.1,314.6,323.2,304.8,202.1,223.7,210.2,184,171.3,98.9,88.4,141.1,85.9,313.1,338.9,358.3,258,84.8,77.7,123.6,159.1
 Gampaha/ Gampaha,28,41.3,44.8,20.2,42.5,27.7,34.5,49.3,37.7,29.4,1,24.4,21.1,14.6,21.4,16.3,20.3,65.4,79.2,58.1,52.1,134.8,125,112.4,247.6,193.9,166.7,153.4,90.3,92.7,101.2,76.2,103.3,113.2,124,139.1,100.1,116.3,346.3,336,366.2,358.9,224.9,229.5,224.9,303.9,299.8,245.4,282.6,291.1,272.8,170.1,191.8,205.2,178.9,166.3,66.9,53.7,124.4,69.2,281,306.9,314.3,241.3,52.8,75.6,125,154.1
 Gampaha/ Negombo,37.6,47.3,47.7,44.4,61.7,37.3,47.2,56.5,58.4,43.6,24.4,1,9,20.8,29,11,32.8,88,102.6,80.8,76.7,157.4,147.6,135.2,270.3,216.5,189.3,176,103.8,108.4,119.7,89.6,119.8,123.6,128,157.6,118.6,134.8,323.5,313.3,341.4,335,223.7,233.5,229,302.7,298.6,222.7,286.6,295.2,276.8,168.8,195.9,225.7,199.4,186.7,71.5,47.2,101.7,46.5,303.2,342,319,263.4,66.2,96,145.4,174.5
 Gampaha/Katunayaka,32.1,41.8,42.3,39,56.2,31.8,41.8,51.1,56.8,38.2,21.1,9,1,16.3,22.4,11.8,28.3,83.5,98.1,76.2,70.2,152.8,143.1,130.7,220.4,212,184.8,171.5,103.6,108.3,117.2,88.5,116.6,123.5,127.8,155,116,132.2,328.9,318.7,346.5,340.4,223.5,233.4,228.8,302.5,298.4,228.1,286.4,295,276.7,168.7,195.7,223.1,196.8,184.1,71.3,50.4,107.1,51.9,303,341.9,318.8,263.2,65.1,93.4,142.8,171.9
 Gampaha/Ja-Ela,18.9,35,35.5,23.1,42.8,18.9,35,44.3,51.2,31.4,14.6,20.8,16.3,1,7.6,18.4,14.4,75.6,90.2,52.2,62.3,145,135.2,122.8,257.8,204.1,176.9,163.6,103.8,108.5,114.7,89.6,116.8,131.1,135.5,152.6,113.5,129.7,340.2,330,357.8,351.7,231.2,241,236.5,310.2,306.1,239.4,294.1,302.7,284.4,176.3,203.4,218.7,192.4,179.8,79,58.9,118.4,63.2,294.5,320.4,326.5,254.8,66.3,89.1,138.5,167.6
 Gampaha/ Wattala – Mabole,11.9,21.8,22.2,19.4,31.2,11.8,21.8,31,54.6,18,21.4,29,22.4,7.6,1,24.5,7.4,66.5,81,39.4,50.8,135.8,126.1,113.7,248.7,195,167.8,154.5,112,116.7,123.3,97.9,125.3,141,146,161.1,122.1,138.3,348.4,338.2,366,359.9,247,251.6,247,326,321.9,247.6,304.6,313.2,294.9,192.2,213.9,227.3,201,188.3,86.6,65,126.6,71.4,303.1,329,336.4,263.3,74.5,96.1,141.2,176.1
 Gampaha/ Minuwangoda,38.3,54,48.5,39.3,59,38.1,54,63.2,47.8,50.4,16.3,11,11.8,18.4,24.5,1,33.4,79.6,94.2,72.3,68.3,163.7,153.9,141.5,212.9,222.8,195.6,182.3,95,99.6,109.6,80.8,107.9,114.8,119.2,147.5,108.5,124.7,331.4,321.2,348.9,342.8,214.9,224.7,220.1,293.9,289.8,230.5,277.8,286.4,268,160,187.1,215.6,189.3,176.6,62.7,43.7,109.5,54.4,294.3,333.2,310.2,254.6,57.4,85.9,135.3,164.4
 Gampaha/ Peliyagoda,9,18.7,19.1,12,31.7,8.1,15.7,27.9,42.9,10.6,20.3,32.8,28.3,14.4,7.4,33.4,1,54.7,69.3,47.5,43,124.1,114.3,101.9,237,183.2,156,142.7,107.9,112.6,115.7,93.7,120.9,136.5,141.5,153.6,114.5,130.7,352.6,342.4,370.2,364.1,251.2,247.1,242.5,330.2,326.1,251.8,300.2,308.7,290.4,187.7,209.4,209.7,183.4,170.7,84.5,78.1,130.8,75.6,298.6,324.5,331.9,257.5,70.4,80,129.4,158.5
 Kalutara/ Kalutara,44,33,31,44.9,28.2,45.6,35.2,25.7,66.8,40.6,65.4,88,83.5,75.6,66.5,79.6,54.7,1,13.8,15.4,25.4,81.4,56.3,43.9,194.3,140.5,113.4,100.1,153.5,148.9,141.3,139.3,166.4,182.1,187.1,179.2,140.1,156.3,406.8,396.6,424.4,425,291,292.7,288.1,370,365.9,306,345.7,354.3,336,236.2,255,201.3,175,162.3,130.1,119.8,185,123.1,340.1,352.6,362.6,249.1,99.8,75.2,121,150.1
 Kalutara/ Beruwala,57.8,46.8,44.8,59.5,42,66.8,49,39.5,83,54.5,79.2,102.6,98.1,90.2,81,94.2,69.3,13.8,1,29.1,40,71.5,43.8,31.4,184.4,130.6,103.4,90.1,168.6,169.3,155.1,154.4,181.5,197.2,202.2,199.5,153.9,170.1,421.9,411.7,439.5,440.1,306.1,307.8,303.2,385.1,381,321.1,360.8,369.4,351.1,251.3,270.1,219,192.7,165.5,145.1,134.9,200.1,136.9,354.5,367,377,263.5,131,92.6,124.2,165.7
 Kalutara/ Panadura,30.1,19.1,17.1,37.7,14.2,31.7,21.3,11.8,59.5,26.5,58.1,80.8,76.2,52.2,39.4,72.3,47.5,15.4,29.1,1,19.6,101.5,72.1,59.7,191.6,160.6,133.4,120.1,144.9,140.2,132.6,130.7,157.8,173.4,178.4,170.5,131.5,147.7,398.2,388,415.8,416.3,282.4,284,279.5,361.4,357.3,297.4,337.1,345.7,327.3,226.5,246.4,194.3,168,155.3,121.4,110.3,176.4,107.8,333.1,345.6,355.6,242.1,107.3,68.2,114.1,143.1
 Kalutara/ Horana,41.4,26,32.3,30.9,19.3,41,28.1,27.5,40.4,34.4,52.1,76.7,70.2,62.3,50.8,68.3,43,25.4,40,19.6,1,95.7,85.9,73.5,173,156.9,127.6,114.3,130.1,125.7,118.1,116,143.1,158.7,163.8,156,117,133.2,395.4,385.2,413,413.6,266.9,281.3,276.7,358.7,354.6,294.6,334.4,342.9,324.6,212,231.7,175.7,149.4,136.7,106.7,105.1,173.6,118.4,314.5,327,337,223.5,92.6,49.6,95.4,124.5
 Galle/ Galle,145.8,109.4,112.5,114.3,102.7,121.6,111.5,107.1,141.9,117.9,134.8,157.4,152.8,145,135.8,163.7,124.1,81.4,71.5,101.5,95.7,1,20.9,34.7,116.1,74.8,46.4,29.3,221.7,226.3,214.7,207.5,234.6,250.2,255.3,252.5,213.6,229.8,475,464.8,492.6,493.2,359.2,360.8,356.3,438.2,434.1,374.2,343.4,352,333.7,304.4,323.2,218.7,205.4,221.5,198.2,200.5,253.2,198,298.7,311.2,321.2,207.7,184.1,140.4,172,106.8
 Galle/ Hikkaduwa,115.6,99.7,103.2,104.6,92.9,111.9,101.7,97.3,127.4,108.2,125,147.6,143.1,135.2,126.1,153.9,114.3,56.3,43.8,72.1,85.9,20.9,1,15.3,149.4,95.6,64.9,47.9,211.9,216.5,204.9,197.7,224.8,240.4,245.5,242.8,203.8,220,465.2,455,482.8,483.3,349.4,351,346.5,428.4,424.3,364.4,364.3,372.8,354.5,294.5,313.4,239.5,216.1,203.4,188.4,190.7,243.4,188.2,319.5,332.1,342,228.5,174.3,130.6,162.2,130.7
 Galle/ Ambalangoda,87.9,80.7,74.9,88.8,72.1,99.5,89.4,69.6,119.7,95.8,112.4,135.2,130.7,122.8,113.7,141.5,101.9,43.9,31.4,59.7,73.5,34.7,15.3,1,161.8,108,80.8,62.8,200.5,205.2,193.6,186.3,213.5,229.1,234.2,231.5,192.4,208.6,453.9,443.6,471.4,472,338.1,339.7,335.1,417.1,413,353,376.6,385.2,366.9,283.2,302,231.1,376.6,192.1,177.1,177.9,232,176.8,331.9,344.4,354.4,240.9,163,124.9,150.8,143.1
 Hambanthota/ Hambanthota,258.7,222.3,225.8,227.2,215.6,234.5,224.4,222.3,165.8,207.6,247.6,270.3,220.4,257.8,248.7,212.9,237,194.3,184.4,191.6,173,116.1,149.4,161.8,1,44.7,100.8,107.2,242.3,234.4,221.5,239.7,247.1,263.4,280.2,161,171.1,183.4,523.5,514.8,526.1,518.8,384.9,360.1,347.2,463.9,459.8,445.7,252,260.5,242.2,343.7,269.5,127.2,113.9,130,239.9,241.9,329.9,271.2,207.2,219.8,229.7,116.2,216.4,127.3,110.4,52.3
 Hambanthota/ Tangalle,205,168.6,172,173.5,161.8,180.7,170.6,168.6,201,177,193.9,216.5,212,204.1,195,222.8,183.2,140.5,130.6,160.6,156.9,74.8,95.6,108,44.7,1,37.8,51.5,250.3,240,232.4,236.1,277.4,293.7,310.6,191.3,180.4,197.3,532.9,522.7,550.5,532.5,398.5,390.5,377.5,477.6,490.1,432,282.3,290.8,272.5,343.7,299.8,157.5,144.2,160.3,236.3,238.3,311,255.9,237.6,250.1,260,146.6,212.8,123.7,116.3,39.2
 Matara/ Matara,177.8,141.4,144.9,146.3,134.6,153.6,143.5,141.4,173.8,149.9,166.7,189.3,184.8,176.9,167.8,195.6,156,113.4,103.4,133.4,127.6,46.4,64.9,80.8,100.8,37.8,1,18.3,251.4,256.1,244.5,237.2,264.4,280,285.1,223,212,245.3,504.8,494.6,522.3,522.9,389,390.6,386,468,463.9,403.9,313.9,322.4,304.1,334.1,331.4,189.1,175.8,191.9,228,230.3,282.9,227.7,269.2,281.7,291.7,178.2,213.9,155.3,151.2,74
 Matara/ Weligama,164.5,128.1,131.6,133,121.3,140.3,130.2,128.1,155.9,136.6,153.4,176,171.5,163.6,154.5,182.3,142.7,100.1,90.1,120.1,114.3,29.3,47.9,62.8,107.2,51.5,18.3,1,241.2,245.9,234.3,227,254.2,269.8,274.9,232.1,233.1,249.3,494.6,484.3,512.1,512.7,378.8,380.4,375.8,457.8,453.7,393.7,323.1,331.6,313.3,323.9,342.7,198.3,185,201.1,217.8,220.1,272.7,217.5,278.3,290.9,300.8,187.3,203.7,159.9,160.4,77.8
 Kandy/ Kandy,122.4,128.8,132.4,110.4,130.1,122.1,126.4,134.2,92.4,122.3,90.3,103.8,103.6,103.8,112,95,107.9,153.5,168.6,144.9,130.1,221.7,211.9,200.5,242.3,250.3,251.4,241.2,1,24.5,40,17,12.9,25.1,72.6,76.1,67.4,77,316.1,307.4,318.7,311.4,177.5,178.1,173.5,256.5,252.4,238.2,201.8,210.3,192,136.3,135,115.1,120.1,129.1,42.7,81.8,130.4,115.1,191.4,217.3,212.3,151.6,37.5,119.7,130.4,198.2
 Kandy/ Gampola,127,125.6,129.2,111.7,130.7,124.3,123.2,130.8,78.4,123.9,92.7,108.4,108.3,108.5,116.7,99.6,112.6,148.9,169.3,140.2,125.7,226.3,216.5,205.2,234.4,240,256.1,245.9,24.5,1,17.6,21.9,37.1,49.2,96.6,60.3,45,55.6,340.1,331.5,342.8,335.5,201.5,202.2,197.6,280.5,276.4,262.3,226,234.5,216.2,160.3,159.1,112.6,104.3,113.3,61.9,95.3,149.5,128.7,215.6,241.5,236.5,175.8,43.6,112.6,107.9,191.1
 Kandy/ Nawalapitiya,133.3,118,121.6,105.5,123.1,116.7,115.6,123.2,74.5,116.3,101.2,119.7,117.2,114.7,123.3,109.6,115.7,141.3,155.1,132.6,118.1,214.7,204.9,193.6,221.5,232.4,244.5,234.3,40,17.6,1,40.4,52.9,65.1,112.5,65.1,30.9,39.3,356,347.3,358.6,351.3,217.4,218,213.5,296.4,292.3,278.2,241.8,250.4,232.1,176.2,174.9,120.7,112.4,121.4,77.8,109.8,165.4,143.2,231.5,257.3,252.3,180.9,58.1,98.5,93.8,177
 Kandy/ Kadugannawa,108.2,114.6,118.2,96.2,115.9,107.9,112.2,120,78.2,108.2,76.2,89.6,88.5,89.6,97.9,80.8,93.7,139.3,154.4,130.7,116,207.5,197.7,186.3,239.7,236.1,237.2,227,17,21.9,40.4,1,30.6,41.4,88.8,73.8,64.9,74.7,342.7,323.6,345.3,327.6,193.7,194.3,189.7,272.7,268.6,254.5,219.5,228.1,209.8,157.6,151.2,126.1,117.8,126.8,48.5,76.5,136.7,109.8,209.2,235,230,169.4,24.8,106.9,127.9,185.4
 Kandy/ Wattegama,135.3,141.8,145.3,123.3,143,135.1,139.4,149.8,105.3,135.3,103.3,119.8,116.6,116.8,125.3,107.9,120.9,166.4,181.5,157.8,143.1,234.6,224.8,213.5,247.1,277.4,264.4,254.2,12.9,37.1,52.9,30.6,1,17,64.6,90.4,82.2,91.7,308.1,299.4,310.7,303.4,169.5,170.1,165.6,248.5,244.4,230.3,176.2,184.8,166.5,128.3,127.1,121.2,134.8,143.9,48.1,87.2,135.8,120.5,181.6,208.6,186.7,157.8,51.9,134.1,145.1,212.6
 Matale/ Matale,151,157.4,160.9,139,158.6,150.7,155,165.4,115.3,150.9,113.2,123.6,123.5,131.1,141,114.8,136.5,182.1,197.2,173.4,158.7,250.2,240.4,229.1,263.4,293.7,280,269.8,25.1,49.2,65.1,41.4,17,1,47.9,100.5,91.8,101.3,291.4,282.7,294,286.7,152.8,153.5,148.9,231.8,227.7,213.6,201.1,209.7,191.3,111.6,110.4,137.2,144.4,153.5,47.7,86.8,138.2,123.5,213.5,239.4,220.1,173.8,61.5,143.7,154.7,222.2
 Matale/ Dambulla,156,162.4,166,144,163.7,155.8,160.1,170.5,133.9,156,124,128,127.8,135.5,146,119.2,141.5,187.1,202.2,178.4,163.8,255.3,245.5,234.2,280.2,310.6,285.1,274.9,72.6,96.6,112.5,88.8,64.6,47.9,1,148.3,139.6,149.1,243.5,234.8,246.1,238.8,104.9,105.5,100.9,183.9,179.8,165.6,158.6,167.2,148.8,63.7,67.9,149,179,188.3,57.1,96.1,126.5,129.4,194.4,222.5,199.5,169.1,88.5,169.1,218.5,247.6
 Nuwaraeliya/ Nuwaraeliya,171.1,155.9,159.5,143.4,161,154.6,153.5,161.1,112.4,154.1,139.1,157.6,155,152.6,161.1,147.5,153.6,179.2,199.5,170.5,156,252.5,242.8,231.5,161,191.3,223,232.1,76.1,60.3,65.1,73.8,90.4,100.5,148.3,1,40.7,23.8,409,400.3,411.6,404.3,270.3,271,266.4,349.3,345.2,331.1,201.7,206.1,187.7,229.2,188.1,52.3,43.9,48.6,134.7,166.5,224.4,203.1,187.1,213,208,112.5,116.4,143.4,92.4,152.7
 Nuwaraeliya/ Hatton – Dickoya,132.6,116.9,120.4,104.4,122,115.6,114.5,122.1,73.4,115.1,100.1,118.6,116,113.5,122.1,108.5,114.5,140.1,153.9,131.5,117,213.6,203.8,192.4,171.1,180.4,212,233.1,67.4,45,30.9,64.9,82.2,91.8,139.6,40.7,1,18.1,383.1,374.4,385.7,378.4,244.4,245.1,241.9,323.5,319.3,305.2,233.8,242.4,224,203.3,202,91.6,83.2,92.3,104.8,127.4,213,164.1,223.4,249.3,245.5,151.8,85.1,107.5,64,119.7
 Nuwaraeliya/ Thalawakele - Lindula,148.3,133.1,136.6,120.6,138.2,131.8,130.7,138.3,89.6,131.3,116.3,134.8,132.2,129.7,138.3,124.7,130.7,156.3,170.1,147.7,133.2,229.8,220,208.6,183.4,197.3,245.3,249.3,77,55.6,39.3,74.7,91.7,101.3,149.1,23.8,18.1,1,394.2,381.2,396.8,389.5,255.6,256.2,253.1,334.6,330.5,316.4,221.4,228.1,207.4,214.4,207.8,74.9,66.6,71.2,111.9,143.7,203.6,180.4,206.8,232.6,228.8,135.1,93.6,123.8,81,136.7
 Jaffna/ Jaffna,356.8,366.6,367,363.7,383.4,356.6,379.8,390.1,375.6,362.9,346.3,323.5,328.9,340.2,348.4,331.4,352.6,406.8,421.9,398.2,395.4,475,465.2,453.9,523.5,532.9,504.8,494.6,316.1,340.1,356,342.7,308.1,291.4,243.5,409,383.1,394.2,1,16,27,30.3,137.1,232.8,244.6,66.6,145.4,117.8,348.4,371.2,354,205,283.3,391.9,418.9,431.2,300.3,316,260.3,285.2,414.3,426.8,406.5,412,333.8,410.9,457.3,591.4
 Jaffna/ Chavakachcheri,346.6,356.4,356.8,353.5,373.2,346.4,369.6,379.9,366.9,352.7,336,313.3,318.7,330,338.2,321.2,342.4,396.6,411.7,388,385.2,464.8,455,443.6,514.8,522.7,494.6,484.3,307.4,331.5,347.3,323.6,299.4,282.7,234.8,400.3,374.4,381.2,16,1,26.6,25,130,217.3,238.6,58.4,101.9,117.7,341.4,361.8,343.4,187.4,275,383.5,413.6,422.9,291.9,307,222,277.5,406,418.8,396.9,403.6,325.4,402.6,452,583.1
 Jaffna/ Valvettithurai,374.4,384.1,384.6,381.3,401,374.2,397.3,407.7,378.2,380.5,366.2,341.4,346.5,357.8,366,348.9,370.2,424.4,439.5,415.8,413,492.6,482.8,471.4,526.1,550.5,522.3,512.1,318.7,342.8,358.6,345.3,310.7,294,246.1,411.6,385.7,396.8,27,26.6,1,9.6,141.3,235.4,249.9,69.7,113.2,143.6,364.5,373.1,354.7,198.7,286.3,394.8,424.9,434.2,303.2,318.3,248,326.6,417.3,430.1,408.2,414.9,336.7,413.9,463.3,594.4
 Jaffna/ Point Pedro,389.4,399.1,399.6,381.9,401.5,389.1,397.9,408.3,370.9,395.5,358.9,335,340.4,351.7,359.9,342.8,364.1,425,440.1,416.3,413.6,493.2,483.3,472,518.8,532.5,522.9,512.7,311.4,335.5,351.3,327.6,303.4,286.7,238.8,404.3,378.4,389.5,30.3,25,9.6,1,134.1,228.2,242.7,62.5,106,135.6,357.3,365.9,347.5,191.5,279.1,387.6,417.7,427,296,311.1,240,319.4,410.1,422.9,401,407.7,329.5,406.6,456,587.2
 Vavuniya/ Vavuniya,255.4,265.2,265.6,247.9,267.6,255.2,264,274.3,237,261.5,224.9,223.7,223.5,231.2,247,214.9,251.2,291,306.1,282.4,266.9,359.2,349.4,338.1,384.9,398.5,389,378.8,177.5,201.5,217.4,193.7,169.5,152.8,104.9,270.3,244.4,255.6,137.1,130,141.3,134.1,1,94.6,109.1,79.1,75,79.1,223.7,232.3,214,57.4,145,253.5,283.6,292.9,161.9,177,130.3,185.3,276,289.3,267.4,273.7,195.5,272.6,322,453.1
 Trincomalee/ Trincomalee,261.6,268,271.5,249.6,269.2,261.3,265.6,276,239.4,261.5,229.5,233.5,233.4,241,251.6,224.7,247.1,292.7,307.8,284,281.3,360.8,351,339.7,360.1,390.5,390.6,380.4,178.1,202.2,218,194.3,170.1,153.5,105.5,271,245.1,256.2,232.8,217.3,235.4,228.2,94.6,1,16.5,173.2,116.7,173.9,131.2,139.7,121.4,107.5,107.4,249,279,288.3,162.6,201.7,180.7,235.7,217.1,196.8,174.9,250.7,196.2,274.7,324.1,357.2
 Trincomalee/ Kinniya,257,263.4,267,245,264.6,256.7,261,271.4,234.9,256.9,224.9,229,228.8,236.5,247,220.1,242.5,288.1,303.2,279.5,276.7,356.3,346.5,335.1,347.2,377.5,386,375.8,173.5,197.6,213.5,189.7,165.6,148.9,100.9,266.4,241.9,253.1,244.6,238.6,249.9,242.7,109.1,16.5,1,184.9,132.1,185.6,118.7,127.2,108.9,119.3,103.1,244.6,274.7,284,158.3,197.3,192.5,230.6,204.6,184.3,162.4,238.3,191.8,270.3,319.7,344.7
 Kilinochchi/ Kilinochchi,334.5,344.2,344.6,326.9,346.6,334.2,343,353.4,316,339.9,303.9,302.7,302.5,310.2,326,293.9,330.2,370,385.1,361.4,358.7,438.2,428.4,417.1,463.9,477.6,468,457.8,256.5,280.5,296.4,272.7,248.5,231.8,183.9,349.3,323.5,334.6,66.6,58.4,69.7,62.5,79.1,173.2,184.9,1,62.8,124.3,302.3,310.8,292.5,136.4,224,332.6,362.7,371.9,241,256,209.3,264.3,355,367.9,346,352.7,274.5,351.6,401,532.2
 Mulativu/ Mulativu,330.4,340.1,340.5,322.8,342.5,330.1,338.9,349.3,311.9,335.8,299.8,298.6,298.4,306.1,321.9,289.8,326.1,365.9,381,357.3,354.6,434.1,424.3,413,459.8,490.1,463.9,453.7,252.4,276.4,292.3,268.6,244.4,227.7,179.8,345.2,319.3,330.5,145.4,101.9,113.2,106,75,116.7,132.1,62.8,1,148.3,254.2,262.8,244.5,132.3,219.9,328.5,358.5,367.8,236.9,251.9,205.2,260.2,350.9,319.8,297.9,348.6,270.4,347.5,396.9,528
 Mannar/ Mannar,256,265.7,266.2,262.9,282.5,255.8,278.9,289.3,282.2,262.1,245.4,222.7,228.1,239.4,247.6,230.5,251.8,306,321.1,297.4,294.6,374.2,364.4,353,445.7,432,403.9,393.7,238.2,262.3,278.2,254.5,230.3,213.6,165.6,331.1,305.2,316.4,117.8,117.7,143.6,135.6,79.1,173.9,185.6,124.3,148.3,1,300.49,309.09,290.1,114.37,210.44,320.15,270,353.9,222.8,242,122.6,178,338.1,365,341.5,334.5,256.3,333.4,382.8,481.6
 Batticaloa/ Batticaloa,314.6,321,324.6,302.6,322.3,314.4,318.7,329.1,292.5,314.6,282.6,286.6,286.4,294.1,304.6,277.8,300.2,345.7,360.8,337.1,334.4,343.4,364.3,376.6,252,282.3,313.9,323.1,201.8,226,241.8,219.5,176.2,201.1,158.6,201.7,233.8,221.4,348.4,341.4,364.5,357.3,223.7,131.2,118.7,302.3,254.2,300.49,1,8.8,9.8,176.9,78.9,106,189.87,203.9,198,237.1,252.3,288,102.1,98.4,43.9,142.6,231.5,284.5,238,249
 Batticaloa/ Kattankudy,323.2,329.6,333.2,311.2,330.9,322.9,327.2,337.6,301.1,323.2,291.1,295.2,295,302.7,313.2,286.4,308.7,354.3,369.4,345.7,342.9,352,372.8,385.2,260.5,290.8,322.4,331.6,210.3,234.5,250.4,228.1,184.8,209.7,167.2,206.1,242.4,228.1,371.2,361.8,373.1,365.9,232.3,139.7,127.2,310.8,262.8,309.09,8.8,1,18.3,202.4,99.3,166,193.4,202.7,224.2,262.4,278.5,214,60.7,57.1,35.2,148.3,257.7,293.1,246.6,257.6
 Batticaloa/ Eravur,304.9,311.3,314.8,292.9,312.5,304.6,308.9,319.3,282.7,304.8,272.8,276.8,276.7,284.4,294.9,268,290.4,336,351.1,327.3,324.6,333.7,354.5,366.9,242.2,272.5,304.1,313.3,192,216.2,232.1,209.8,166.5,191.3,148.8,187.7,224,207.4,354,343.4,354.7,347.5,214,121.4,108.9,292.5,244.5,290.1,9.8,18.3,1,184.8,80.9,145,175.1,184.4,205.9,244.9,260.2,278.2,79.1,75.4,53.5,132.9,209.6,274.8,228.3,239.3
 Anuradhapura/ Anuradhapura,200.6,210.3,210.8,193.1,212.7,200.3,209.1,216,182.1,202.1,170.1,168.8,168.7,176.3,192.2,160,187.7,236.2,251.3,226.5,212,304.4,294.5,283.2,343.7,343.7,334.1,323.9,136.3,160.3,176.2,157.6,128.3,111.6,63.7,229.2,203.3,214.4,205,187.4,198.7,191.5,57.4,107.5,119.3,136.4,132.3,114.37,176.9,202.4,184.8,1,103.1,211.7,241.7,251,109.4,122.1,75.4,129.5,234.1,259.5,237.6,231.8,143.3,218.7,268.1,296.1
 Polonnaruwa/ Polonnaruwa,223.9,230.3,233.9,211.9,231.6,223.6,227.9,246.5,201.8,223.7,191.8,195.9,195.7,203.4,213.9,187.1,209.4,255,270.1,246.4,231.7,323.2,313.4,302,269.5,299.8,331.4,342.7,135,159.1,174.9,151.2,127.1,110.4,67.9,188.1,202,207.8,283.3,275,286.3,279.1,145,107.4,103.1,224,219.9,210.44,78.9,99.3,80.9,103.1,1,148.7,178.8,188.1,125,164,179.2,197.3,131,156.3,134.5,168.8,158.5,237,232,275.3
 Badulla/ Badulla,237.3,203.5,207,199.5,196.7,210.7,205.6,203.5,163.2,210.2,205.2,225.7,223.1,218.7,227.3,215.6,209.7,201.3,219,194.3,175.7,218.7,239.5,231.1,127.2,157.5,189.1,198.3,115.1,112.6,120.7,126.1,121.2,137.2,149,52.3,91.6,74.9,391.9,383.5,394.8,387.6,253.5,249,244.6,332.6,328.5,320.15,106,166,145,211.7,148.7,1,31.3,40.6,155.7,194.8,243.4,228.1,147.1,164.5,172.2,60.9,153.3,131,84.5,125.3
 Badulla/ Bandarawela,211,177.2,180.7,173.2,170.5,184.4,179.3,177.2,142.2,184,178.9,199.4,196.8,192.4,201,189.3,183.4,175,192.7,168,149.4,205.4,216.1,376.6,113.9,144.2,175.8,185,120.1,104.3,112.4,117.8,134.8,144.4,179,43.9,83.2,66.6,418.9,413.6,424.9,417.7,283.6,279,274.7,362.7,358.5,270,189.87,193.4,175.1,241.7,178.8,31.3,1,13.3,184.8,218.3,272.4,247.5,161.9,174.4,184.4,70.9,182.4,103.7,57.2,110.9
 Badulla/ Haputale,198.3,164.4,168,160.6,157.8,171.8,166.6,164.6,129.5,171.3,166.3,186.7,184.1,179.8,188.3,176.6,170.7,162.3,165.5,155.3,136.7,221.5,203.4,192.1,130,160.3,191.9,201.1,129.1,113.3,121.4,126.8,143.9,153.5,188.3,48.6,92.3,71.2,431.2,422.9,434.2,427,292.9,288.3,284,371.9,367.8,353.9,203.9,202.7,184.4,251,188.1,40.6,13.3,1,194.6,209,282.2,238.2,178,190.5,200.5,87,183.4,94.4,47.9,127.1
 Kurunegala/ Kurunegala,98.9,105.4,108.9,86.9,106.6,98.7,103,113.4,76.8,98.9,66.9,71.5,71.3,79,86.6,62.7,84.5,130.1,145.1,121.4,106.7,198.2,188.4,177.1,239.9,236.3,228,217.8,42.7,61.9,77.8,48.5,48.1,47.7,57.1,134.7,104.8,111.9,300.3,291.9,303.2,296,161.9,162.6,158.3,241,236.9,222.8,198,224.2,205.9,109.4,125,155.7,184.8,194.6,1,39,88.3,72.4,231.5,281.3,259.4,191.8,31.4,112,161.4,293.1
 Kurunegala/ Kuliyapitiya,81.5,92.1,89,76.7,96.4,81.2,92.8,103.2,72.9,88.4,53.7,47.2,50.4,58.9,65,43.7,78.1,119.8,134.9,110.3,105.1,200.5,190.7,177.9,241.9,238.3,230.3,220.1,81.8,95.3,109.8,76.5,87.2,86.8,96.1,166.5,127.4,143.7,316,307,318.3,311.1,177,201.7,197.3,256,251.9,242,237.1,262.4,244.9,122.1,164,194.8,218.3,209,39,1,87.1,34,281.1,319.4,297.6,230.6,54.5,114.3,163.7,192.8
 Puttalam/ Puttalam,135,144.7,145.2,141.9,161.5,134.8,157.9,168.3,161.2,141.1,124.4,101.7,107.1,118.4,126.6,109.5,130.8,185,200.1,176.4,173.6,253.2,243.4,232,329.9,311,282.9,272.7,130.4,149.5,165.4,136.7,135.8,138.2,126.5,224.4,213,203.6,260.3,222,248,240,130.3,180.7,192.5,209.3,205.2,122.6,252.3,278.5,260.2,75.4,179.2,243.4,272.4,282.2,88.3,87.1,1,57,309.5,334.8,312.9,290.7,121.7,197.1,246.5,349
 Puttalam/ Chilaw,79.8,89.5,90,86.7,106.4,79.6,102.7,98.8,104.2,85.9,69.2,46.5,51.9,63.2,71.4,54.4,75.6,123.1,136.9,107.8,118.4,198,188.2,176.8,271.2,255.9,227.7,217.5,115.1,128.7,143.2,109.8,120.5,123.5,129.4,203.1,164.1,180.4,285.2,277.5,326.6,319.4,185.3,235.7,230.6,264.3,260.2,178,288,214,278.2,129.5,197.3,228.1,247.5,238.2,72.4,34,57,1,315.2,353.2,331.3,264.7,88,143.8,193.2,293.9
 Ampara/ Ampara,313.1,392.5,355.8,397.4,357.8,345.4,394.5,327.5,283.1,313.1,281,303.2,303,294.5,303.1,294.3,298.6,340.1,354.5,333.1,314.5,298.7,319.5,331.9,207.2,237.6,269.2,278.3,191.4,215.6,231.5,209.2,181.6,213.5,194.4,187.1,223.4,206.8,414.3,406,417.3,410.1,276,217.1,204.6,355,350.9,338.1,102.1,60.7,79.1,234.1,131,147.1,161.9,178,231.5,281.1,309.5,315.2,1,28.3,27.1,92.2,232,269.6,202.9,205
 Ampara/ Akkaraipattu,338.9,405,408.5,409.9,398.2,362,343,405,309,338.9,306.9,342,341.9,320.4,329,333.2,324.5,352.6,367,345.6,327,311.2,332.1,344.4,219.8,250.1,281.7,290.9,217.3,241.5,257.3,235,208.6,239.4,222.5,213,249.3,232.6,426.8,418.8,430.1,422.9,289.3,196.8,184.3,367.9,319.8,365,98.4,57.1,75.4,259.5,156.3,164.5,174.4,190.5,281.3,319.4,334.8,353.2,28.3,1,22.9,101.8,256.9,279.2,212.5,214.6
 Ampara/ Kalmunai,362.1,371.8,368.3,354.6,366,361.8,350.4,372.8,324.2,358.3,314.3,319,318.8,326.5,336.4,310.2,331.9,362.6,377,355.6,337,321.2,342,354.4,229.7,260,291.7,300.8,212.3,236.5,252.3,230,186.7,220.1,199.5,208,245.5,228.8,406.5,396.9,408.2,401,267.4,174.9,162.4,346,297.9,341.5,43.9,35.2,53.5,237.6,134.5,172.2,184.4,200.5,259.4,297.6,312.9,331.3,27.1,22.9,1,114.9,230.1,292.3,225.6,227.8
 Monaragala/ Monaragala,285.1,301.5,304.9,306.3,294.7,258.5,253.4,301.5,216.3,258,241.3,263.4,263.2,254.8,263.3,254.6,257.5,249.1,263.5,242.1,223.5,207.7,228.5,240.9,116.2,146.6,178.2,187.3,151.6,175.8,180.9,169.4,157.8,173.8,169.1,112.5,151.8,135.1,412,403.6,414.9,407.7,273.7,250.7,238.3,352.7,348.6,334.5,142.6,148.3,132.9,231.8,168.8,60.9,70.9,87,191.8,230.6,290.7,264.7,92.2,101.8,114.9,1,191.1,177.8,111.1,113.3
 Kegalle/ Kegalle,84.8,91.3,94.8,72.8,92.5,84.6,88.9,96.6,54.8,84.8,52.8,66.2,65.1,66.3,74.5,57.4,70.4,99.8,131,107.3,92.6,184.1,174.3,163,216.4,212.8,213.9,203.7,37.5,43.6,58.1,24.8,51.9,61.5,88.5,116.4,85.1,93.6,333.8,325.4,336.7,329.5,195.5,196.2,191.8,274.5,270.4,256.3,231.5,257.7,209.6,143.3,158.5,153.3,182.4,183.4,31.4,54.5,121.7,88,232,256.9,230.1,191.1,1,89.1,138.8,167.9
 Ratnapura/ Ratnapura,107.6,77.3,80.9,69.9,70.7,81.1,74.9,77.4,38.9,77.7,75.6,96,93.4,89.1,96.1,85.9,80,75.2,92.6,68.2,49.6,140.4,130.6,124.9,127.3,123.7,155.3,159.9,119.7,112.6,98.5,106.9,134.1,143.7,169.1,143.4,107.5,123.8,410.9,402.6,413.9,406.6,272.6,274.7,270.3,351.6,347.5,333.4,284.5,293.1,274.8,218.7,237,131,103.7,94.4,112,114.3,197.1,143.8,269.6,279.2,292.3,177.8,89.1,1,49.7,78.8
 Ratnapura/ Balangoda,130.9,123.1,126.7,119.3,116.5,127.3,120.8,123.3,88.3,123.6,125,145.4,142.8,138.5,141.2,135.3,129.4,121,124.2,114.1,95.4,172,162.2,150.8,110.4,116.3,151.2,160.4,130.4,107.9,93.8,127.9,145.1,154.7,218.5,92.4,64,81,457.3,452,463.3,456,322,324.1,319.7,401,396.9,382.8,238,246.6,228.3,268.1,232,84.5,57.2,47.9,161.4,163.7,246.5,193.2,202.9,212.5,225.6,111.1,138.8,49.7,1,74.7
 Ratnapura/ Embilipitiya,186.1,203.6,164.4,208.5,196.9,159.6,205.7,152.4,117.3,159.1,154.1,174.5,171.9,167.6,176.1,164.4,158.5,150.1,165.7,143.1,124.5,106.8,130.7,143.1,52.3,39.2,74,77.8,198.2,191.1,177,185.4,212.6,222.2,247.6,152.7,119.7,136.7,591.4,583.1,594.4,587.2,453.1,357.2,344.7,532.2,528,481.6,249,257.6,239.3,296.1,275.3,125.3,110.9,127.1,293.1,192.8,349,293.9,205,214.6,227.8,113.3,167.9,78.8,74.7,1
